11111311111113111111131111111311111113111111131111111314
10000010000000000000000000000000000000000000000001000001
10111010111111111111111111111111111111111111111101011101
10000010111111111111111100011000111111111111111101000001
11111110111311131113111101111110111131113111311101111111
10000010000000000000000001000010000000000000000001000001
30411031111111311131113111111111113111311131111113011403
10111000001000000000000000000000000000000000010000011101
10111111301011111111111111111111111111111111010311111101
10111111101011111110000000000000000001111111010111111101
10111111301011111110411311111111311401111111010311111101
10001100001000000000100001111110000100000000010000110001
11111111111111131111104111111111140111113111111111111111
10000000001000000000103111111111130100000000010000000001
10311111101013113110104113131313140101311311010111111301
30111111113011111110100000000000000101111111031111111103
10311111111011111110411311111111311401111111011111111301
10111111111011111110000001111110000001111111011111111101
10311111101011111111111111111111111111111111010111111301
10000000001000000000000000000000000000000000010000000001
11111111311111311111311111311111311111311111311111311111
10000000001000000000000000000000000000000000010000000001
30311111301011111111111111111111111111111111010311111303
10001100001000000000000000000000000000000000010000110001
41111311111113111111131111111311111113111111131111111314